t_s,pwm_cmd,omega_real_rad_s
0.020000,0.000000,0.00000000
0.040000,0.000000,0.00000000
0.060000,0.000000,0.00000000
0.080000,0.000000,0.00000000
0.100000,0.000000,0.00000000
0.120000,0.000000,0.00000000
0.140000,0.000000,0.00000000
0.160000,0.000000,0.00000000
0.180000,0.000000,0.00000000
0.200000,0.000000,0.00000000
0.220000,0.000000,0.00000000
0.240000,0.000000,0.00000000
0.260000,0.000000,0.00000000
0.280000,0.000000,0.00000000
0.300000,0.000000,0.00000000
0.320000,0.000000,0.00000000
0.340000,0.000000,0.00000000
0.360000,0.000000,0.00000000
0.380000,0.000000,0.00000000
0.400000,0.000000,0.00000000
0.420000,0.000000,0.00000000
0.440000,0.000000,0.00000000
0.460000,0.000000,0.00000000
0.480000,0.000000,0.00000000
0.500000,0.000000,0.00000000
0.520000,0.000000,0.00000000
0.540000,0.000000,0.00000000
0.560000,0.000000,0.00000000
0.580000,0.000000,0.00000000
0.600000,0.000000,0.00000000
0.620000,0.000000,0.00000000
0.640000,0.000000,0.00000000
0.660000,0.000000,0.00000000
0.680000,0.000000,0.00000000
0.700000,0.000000,0.00000000
0.720000,0.000000,0.00000000
0.740000,0.000000,0.00000000
0.760000,0.000000,0.00000000
0.780000,0.000000,0.00000000
0.800000,0.000000,0.00000000
0.820000,0.000000,0.00000000
0.840000,0.000000,0.00000000
0.860000,0.000000,0.00000000
0.880000,0.000000,0.00000000
0.900000,0.000000,0.00000000
0.920000,0.000000,0.00000000
0.940000,0.000000,0.00000000
0.960000,0.000000,0.00000000
0.980000,0.000000,0.00000000
1.000000,0.000000,0.00000000
1.020000,-0.700000,0.31797495
1.040000,-0.700000,2.86177468
1.060000,-0.700000,3.97468710
1.080000,-0.700000,4.45164967
1.100000,-0.700000,4.76962471
1.120000,-0.700000,4.76962471
1.140000,-0.700000,4.92861223
1.160000,-0.700000,4.92861223
1.180000,-0.700000,4.92861223
1.200000,-0.700000,4.92861223
1.220000,-0.700000,4.92861223
1.240000,-0.700000,5.08759928
1.260000,-0.700000,4.92861223
1.280000,-0.700000,4.92861223
1.300000,-0.700000,5.08759928
1.320000,-0.700000,4.92861223
1.340000,-0.700000,4.92861223
1.360000,-0.700000,4.92861223
1.380000,-0.700000,5.08759928
1.400000,-0.700000,4.92861223
1.420000,-0.700000,4.92861223
1.440000,-0.700000,4.92861223
1.460000,-0.700000,5.08759928
1.480000,-0.700000,4.92861223
1.500000,-0.700000,4.92861223
1.520000,-0.700000,5.08759928
1.540000,-0.700000,4.92861223
1.560000,-0.700000,4.92861223
1.580000,-0.700000,5.08759928
1.600000,-0.700000,4.92861223
1.620000,-0.700000,4.92861223
1.640000,-0.700000,5.08759928
1.660000,-0.700000,4.92861223
1.680000,-0.700000,4.92861223
1.700000,-0.700000,5.08759928
1.720000,-0.700000,4.92861223
1.740000,-0.700000,4.92861223
1.760000,-0.700000,5.08759928
1.780000,-0.700000,4.92861223
1.800000,-0.700000,4.92861223
1.820000,-0.700000,4.92861223
1.840000,-0.700000,5.08759928
1.860000,-0.700000,4.92861223
1.880000,-0.700000,4.92861223
1.900000,-0.700000,5.08759928
1.920000,-0.700000,4.92861223
1.940000,-0.700000,4.92861223
1.960000,-0.700000,5.08759928
1.980000,-0.700000,4.92861223
2.000000,-0.700000,5.08759928
2.020000,-0.700000,4.92861223
2.040000,-0.700000,4.92861223
2.060000,-0.700000,5.08759928
2.080000,-0.700000,4.92861223
2.100000,-0.700000,4.92861223
2.120000,-0.700000,5.08759928
2.140000,-0.700000,4.92861223
2.160000,-0.700000,4.92861223
2.180000,-0.700000,5.08759928
2.200000,-0.700000,4.92861223
2.220000,-0.700000,4.92861223
2.240000,-0.700000,5.08759928
2.260000,-0.700000,4.92861223
2.280000,-0.700000,4.92861223
2.300000,-0.700000,5.08759928
2.320000,-0.700000,4.92861223
2.340000,-0.700000,5.08759928
2.360000,-0.700000,4.92861223
2.380000,-0.700000,4.92861223
2.400000,-0.700000,5.08759928
2.420000,-0.700000,4.92861223
2.440000,-0.700000,4.92861223
2.460000,-0.700000,5.08759928
2.480000,-0.700000,4.92861223
2.500000,-0.700000,4.92861223
2.520000,-0.700000,5.08759928
2.540000,-0.700000,4.92861223
2.560000,-0.700000,4.92861223
2.580000,-0.700000,5.08759928
2.600000,-0.700000,4.92861223
2.620000,-0.700000,5.08759928
2.640000,-0.700000,4.92861223
2.660000,-0.700000,4.92861223
2.680000,-0.700000,5.08759928
2.700000,-0.700000,4.92861223
2.720000,-0.700000,4.92861223
2.740000,-0.700000,4.92861223
2.760000,-0.700000,4.92861223
2.780000,-0.700000,4.92861223
2.800000,-0.700000,5.08759928
2.820000,-0.700000,4.92861223
2.840000,-0.700000,5.08759928
2.860000,-0.700000,4.92861223
2.880000,-0.700000,4.92861223
2.900000,-0.700000,5.08759928
2.920000,-0.700000,4.92861223
2.940000,-0.700000,5.08759928
2.960000,-0.700000,4.92861223
2.980000,-0.700000,4.92861223
3.000000,-0.700000,5.08759928
3.020000,-0.700000,4.92861223
3.040000,-0.700000,4.92861223
3.060000,-0.700000,5.08759928
3.080000,-0.700000,4.92861223
3.100000,-0.700000,5.08759928
3.120000,-0.700000,4.92861223
3.140000,-0.700000,4.92861223
3.160000,-0.700000,5.08759928
3.180000,-0.700000,4.92861223
3.200000,-0.700000,4.92861223
3.220000,-0.700000,4.92861223
3.240000,-0.700000,4.92861223
3.260000,-0.700000,5.08759928
3.280000,-0.700000,4.92861223
3.300000,-0.700000,5.08759928
3.320000,-0.700000,4.92861223
3.340000,-0.700000,4.92861223
3.360000,-0.700000,5.08759928
3.380000,-0.700000,4.92861223
3.400000,-0.700000,5.08759928
3.420000,-0.700000,4.92861223
3.440000,-0.700000,4.92861223
3.460000,-0.700000,5.08759928
3.480000,-0.700000,4.92861223
3.500000,-0.700000,5.08759928
3.520000,-0.700000,4.92861223
3.540000,-0.700000,4.92861223
3.560000,-0.700000,5.08759928
3.580000,-0.700000,4.92861223
3.600000,-0.700000,5.08759928
3.620000,-0.700000,4.92861223
3.640000,-0.700000,5.08759928
3.660000,-0.700000,4.92861223
3.680000,-0.700000,4.92861223
3.700000,-0.700000,5.08759928
3.720000,-0.700000,4.92861223
3.740000,-0.700000,5.08759928
3.760000,-0.700000,4.92861223
3.780000,-0.700000,4.92861223
3.800000,-0.700000,5.08759928
3.820000,-0.700000,4.92861223
3.840000,-0.700000,5.08759928
3.860000,-0.700000,4.92861223
3.880000,-0.700000,5.08759928
3.900000,-0.700000,4.92861223
3.920000,-0.700000,4.92861223
3.940000,-0.700000,5.08759928
3.960000,-0.700000,4.92861223
3.980000,-0.700000,5.08759928
4.000000,-0.700000,4.92861223
4.020000,-0.700000,4.92861223
4.040000,-0.700000,5.08759928
4.060000,-0.700000,4.92861223
4.080000,-0.700000,5.08759928
4.100000,-0.700000,4.92861223
4.120000,-0.700000,5.08759928
4.140000,-0.700000,4.92861223
4.160000,-0.700000,4.92861223
4.180000,-0.700000,5.08759928
4.200000,-0.700000,4.92861223
4.220000,-0.700000,5.08759928
4.240000,-0.700000,4.92861223
4.260000,-0.700000,5.08759928
4.280000,-0.700000,4.92861223
4.300000,-0.700000,4.92861223
4.320000,-0.700000,5.08759928
4.340000,-0.700000,4.92861223
4.360000,-0.700000,5.08759928
4.380000,-0.700000,4.92861223
4.400000,-0.700000,5.08759928
4.420000,-0.700000,4.92861223
4.440000,-0.700000,4.92861223
4.460000,-0.700000,5.08759928
4.480000,-0.700000,4.92861223
4.500000,-0.700000,5.08759928
4.520000,-0.700000,4.92861223
4.540000,-0.700000,5.08759928
4.560000,-0.700000,4.92861223
4.580000,-0.700000,5.08759928
4.600000,-0.700000,4.92861223
4.620000,-0.700000,5.08759928
4.640000,-0.700000,4.92861223
4.660000,-0.700000,4.92861223
4.680000,-0.700000,5.08759928
4.700000,-0.700000,4.92861223
4.720000,-0.700000,5.08759928
4.740000,-0.700000,4.92861223
4.760000,-0.700000,5.08759928
4.780000,-0.700000,4.92861223
4.800000,-0.700000,5.08759928
4.820000,-0.700000,4.92861223
4.840000,-0.700000,5.08759928
4.860000,-0.700000,4.92861223
4.880000,-0.700000,5.08759928
4.900000,-0.700000,4.92861223
4.920000,-0.700000,5.08759928
4.940000,-0.700000,4.92861223
4.960000,-0.700000,5.08759928
4.980000,-0.700000,4.92861223
5.000000,-0.700000,5.08759928
5.020000,-0.700000,4.92861223
5.040000,-0.700000,5.08759928
5.060000,-0.700000,4.92861223
5.080000,-0.700000,4.92861223
5.100000,-0.700000,5.08759928
5.120000,-0.700000,4.92861223
5.140000,-0.700000,4.92861223
5.160000,-0.700000,5.08759928
5.180000,-0.700000,4.92861223
5.200000,-0.700000,5.08759928
5.220000,-0.700000,4.92861223
5.240000,-0.700000,4.92861223
5.260000,-0.700000,5.08759928
5.280000,-0.700000,4.92861223
5.300000,-0.700000,5.08759928
5.320000,-0.700000,4.92861223
5.340000,-0.700000,4.92861223
5.360000,-0.700000,5.08759928
5.380000,-0.700000,4.92861223
5.400000,-0.700000,5.08759928
5.420000,-0.700000,4.92861223
5.440000,-0.700000,4.92861223
5.460000,-0.700000,5.08759928
5.480000,-0.700000,4.92861223
5.500000,-0.700000,5.08759928
5.520000,-0.700000,4.92861223
5.540000,-0.700000,5.08759928
5.560000,-0.700000,4.92861223
5.580000,-0.700000,4.92861223
5.600000,-0.700000,5.08759928
5.620000,-0.700000,4.92861223
5.640000,-0.700000,4.92861223
5.660000,-0.700000,5.08759928
5.680000,-0.700000,4.92861223
5.700000,-0.700000,5.08759928
5.720000,-0.700000,4.92861223
5.740000,-0.700000,5.08759928
5.760000,-0.700000,4.92861223
5.780000,-0.700000,4.92861223
5.800000,-0.700000,5.08759928
5.820000,-0.700000,4.92861223
5.840000,-0.700000,5.08759928
5.860000,-0.700000,4.92861223
5.880000,-0.700000,5.08759928
5.900000,-0.700000,4.92861223
5.920000,-0.700000,4.92861223
5.940000,-0.700000,5.08759928
5.960000,-0.700000,4.92861223
5.980000,-0.700000,4.92861223
6.000000,-0.700000,5.08759928
6.020000,-0.700000,4.92861223
6.040000,-0.700000,5.08759928
6.060000,-0.700000,4.92861223
6.080000,-0.700000,4.92861223
6.100000,-0.700000,5.08759928
6.120000,-0.700000,4.92861223
6.140000,-0.700000,5.08759928
6.160000,-0.700000,4.92861223
6.180000,-0.700000,4.92861223
6.200000,-0.700000,5.08759928
6.220000,-0.700000,4.92861223
6.240000,-0.700000,5.08759928
6.260000,-0.700000,4.92861223
6.280000,-0.700000,4.92861223
6.300000,-0.700000,5.08759928
6.320000,-0.700000,4.92861223
6.340000,-0.700000,5.08759928
6.360000,-0.700000,4.92861223
6.380000,-0.700000,4.92861223
6.400000,-0.700000,5.08759928
6.420000,-0.700000,4.92861223
6.440000,-0.700000,5.08759928
6.460000,-0.700000,4.92861223
6.480000,-0.700000,4.92861223
6.500000,-0.700000,5.08759928
6.520000,-0.700000,4.92861223
6.540000,-0.700000,5.08759928
6.560000,-0.700000,4.92861223
6.580000,-0.700000,4.92861223
6.600000,-0.700000,5.08759928
6.620000,-0.700000,4.92861223
6.640000,-0.700000,5.08759928
6.660000,-0.700000,4.92861223
6.680000,-0.700000,4.92861223
6.700000,-0.700000,5.08759928
6.720000,-0.700000,4.92861223
6.740000,-0.700000,5.08759928
6.760000,-0.700000,4.92861223
6.780000,-0.700000,5.08759928
6.800000,-0.700000,4.92861223
6.820000,-0.700000,4.92861223
6.840000,-0.700000,5.08759928
6.860000,-0.700000,4.92861223
6.880000,-0.700000,5.08759928
6.900000,-0.700000,4.92861223
6.920000,-0.700000,5.08759928
6.940000,-0.700000,4.92861223
6.960000,-0.700000,5.08759928
6.980000,-0.700000,4.92861223
7.000000,-0.700000,4.92861223
7.020000,-0.700000,5.08759928
7.040000,-0.700000,4.92861223
7.060000,-0.700000,5.08759928
7.080000,-0.700000,4.92861223
7.100000,-0.700000,5.08759928
7.120000,-0.700000,4.92861223
7.140000,-0.700000,5.08759928
7.160000,-0.700000,4.92861223
7.180000,-0.700000,4.92861223
7.200000,-0.700000,5.08759928
7.220000,-0.700000,4.92861223
7.240000,-0.700000,5.08759928
7.260000,-0.700000,4.92861223
7.280000,-0.700000,5.08759928
7.300000,-0.700000,4.92861223
7.320000,-0.700000,4.92861223
7.340000,-0.700000,5.08759928
7.360000,-0.700000,5.08759928
7.380000,-0.700000,4.92861223
7.400000,-0.700000,4.92861223
7.420000,-0.700000,5.08759928
7.440000,-0.700000,4.92861223
7.460000,-0.700000,5.08759928
7.480000,-0.700000,4.92861223
7.500000,-0.700000,5.08759928
7.520000,-0.700000,4.92861223
7.540000,-0.700000,4.92861223
7.560000,-0.700000,5.08759928
7.580000,-0.700000,4.92861223
7.600000,-0.700000,5.08759928
7.620000,-0.700000,4.92861223
7.640000,-0.700000,5.08759928
7.660000,-0.700000,4.92861223
7.680000,-0.700000,5.08759928
7.700000,-0.700000,4.92861223
7.720000,-0.700000,4.92861223
7.740000,-0.700000,5.08759928
7.760000,-0.700000,4.92861223
7.780000,-0.700000,5.08759928
7.800000,-0.700000,4.92861223
7.820000,-0.700000,5.08759928
7.840000,-0.700000,4.92861223
7.860000,-0.700000,5.08759928
7.880000,-0.700000,4.92861223
7.900000,-0.700000,5.08759928
7.920000,-0.700000,4.92861223
7.940000,-0.700000,5.08759928
7.960000,-0.700000,4.92861223
7.980000,-0.700000,5.08759928
8.000000,-0.700000,4.92861223
8.020000,-0.700000,4.92861223
8.040000,-0.700000,5.08759928
8.059999,-0.700000,4.92861223
8.080000,-0.700000,5.08759928
8.099999,-0.700000,4.92861223
8.120000,-0.700000,5.08759928
8.139999,-0.700000,4.92861223
8.160000,-0.700000,5.08759928
8.179999,-0.700000,4.92861223
8.200000,-0.700000,5.08759928
8.220000,-0.700000,4.92861223
8.240000,-0.700000,4.92861223
8.260000,-0.700000,5.08759928
8.280000,-0.700000,5.08759928
8.300000,-0.700000,4.92861223
8.320000,-0.700000,4.92861223
8.340000,-0.700000,5.08759928
8.360000,-0.700000,4.92861223
8.380000,-0.700000,5.08759928
8.400000,-0.700000,4.92861223
8.420000,-0.700000,5.08759928
8.440000,-0.700000,4.92861223
8.460000,-0.700000,5.08759928
8.480000,-0.700000,4.92861223
8.500000,-0.700000,5.08759928
8.520000,-0.700000,4.92861223
8.540000,-0.700000,5.08759928
8.559999,-0.700000,4.92861223
8.580000,-0.700000,5.08759928
8.599999,-0.700000,4.92861223
8.620000,-0.700000,5.08759928
8.639999,-0.700000,4.92861223
8.660000,-0.700000,5.08759928
8.679999,-0.700000,4.92861223
8.700000,-0.700000,5.08759928
8.720000,-0.700000,4.92861223
8.740000,-0.700000,5.08759928
8.760000,-0.700000,4.92861223
8.780000,-0.700000,5.08759928
8.800000,-0.700000,4.92861223
8.820000,-0.700000,5.08759928
8.840000,-0.700000,4.92861223
8.860000,-0.700000,5.08759928
8.880000,-0.700000,4.92861223
8.900000,-0.700000,5.08759928
8.920000,-0.700000,4.92861223
8.940000,-0.700000,4.92861223
8.960000,-0.700000,5.08759928
8.980000,-0.700000,5.08759928
9.000000,-0.700000,4.92861223
9.020000,-0.700000,4.92861223
9.040000,-0.700000,5.08759928
9.059999,-0.700000,4.92861223
9.080000,-0.700000,5.08759928
9.099999,-0.700000,4.92861223
9.120000,-0.700000,5.08759928
9.139999,-0.700000,4.92861223
9.160000,-0.700000,5.08759928
9.179999,-0.700000,4.92861223
9.200000,-0.700000,5.08759928
9.220000,-0.700000,4.92861223
9.240000,-0.700000,5.08759928
9.260000,-0.700000,4.92861223
9.280000,-0.700000,5.08759928
9.300000,-0.700000,4.92861223
9.320000,-0.700000,5.08759928
9.340000,-0.700000,5.08759928
9.360000,-0.700000,4.92861223
9.380000,-0.700000,5.08759928
9.400000,-0.700000,4.92861223
9.420000,-0.700000,4.92861223
9.440000,-0.700000,5.08759928
9.460000,-0.700000,5.08759928
9.480000,-0.700000,4.92861223
9.500000,-0.700000,5.08759928
9.520000,-0.700000,4.92861223
9.540000,-0.700000,5.08759928
9.559999,-0.700000,4.92861223
9.580000,-0.700000,4.92861223
9.599999,-0.700000,5.08759928
9.620000,-0.700000,5.08759928
9.639999,-0.700000,4.92861223
9.660000,-0.700000,5.08759928
9.679999,-0.700000,4.92861223
9.700000,-0.700000,5.08759928
9.719999,-0.700000,4.92861223
9.740000,-0.700000,5.08759928
9.760000,-0.700000,4.92861223
9.780000,-0.700000,5.08759928
9.800000,-0.700000,5.08759928
9.820000,-0.700000,4.92861223
9.840000,-0.700000,5.08759928
9.860000,-0.700000,4.92861223
9.880000,-0.700000,5.08759928
9.900000,-0.700000,4.92861223
9.920000,-0.700000,5.08759928
9.940000,-0.700000,4.92861223
9.960000,-0.700000,5.08759928
9.980000,-0.700000,4.92861223
10.000000,-0.700000,5.08759928
10.020000,-0.700000,5.08759928
10.040000,-0.700000,4.92861223
10.059999,-0.700000,5.08759928
10.080000,-0.700000,4.92861223
10.099999,-0.700000,5.08759928
10.120000,-0.700000,4.92861223
10.139999,-0.700000,5.08759928
10.160000,-0.700000,4.92861223
10.179999,-0.700000,5.08759928
10.200000,-0.700000,4.92861223
10.219999,-0.700000,5.08759928
10.240000,-0.700000,5.08759928
10.260000,-0.700000,4.92861223
10.280000,-0.700000,5.08759928
10.300000,-0.700000,4.92861223
10.320000,-0.700000,5.08759928
10.340000,-0.700000,4.92861223
10.360000,-0.700000,5.08759928
10.380000,-0.700000,4.92861223
10.400000,-0.700000,5.08759928
10.420000,-0.700000,4.92861223
10.440000,-0.700000,5.08759928
10.460000,-0.700000,5.08759928
10.480000,-0.700000,4.92861223
10.500000,-0.700000,5.08759928
10.520000,-0.700000,4.92861223
10.540000,-0.700000,5.08759928
10.559999,-0.700000,4.92861223
10.580000,-0.700000,5.08759928
10.599999,-0.700000,5.08759928
10.620000,-0.700000,4.92861223
10.639999,-0.700000,4.92861223
10.660000,-0.700000,5.08759928
10.679999,-0.700000,5.08759928
10.700000,-0.700000,4.92861223
10.719999,-0.700000,5.08759928
10.740000,-0.700000,4.92861223
10.760000,-0.700000,5.08759928
10.780000,-0.700000,4.92861223
10.800000,-0.700000,5.08759928
10.820000,-0.700000,5.08759928
10.840000,-0.700000,4.92861223
10.860000,-0.700000,5.08759928
10.880000,-0.700000,4.92861223
10.900000,-0.700000,5.08759928
10.920000,-0.700000,4.92861223
10.940000,-0.700000,5.08759928
10.960000,-0.700000,4.92861223
10.980000,-0.700000,5.08759928
11.000000,-0.700000,4.92861223
11.020000,0.000000,5.08759928
11.040000,0.000000,4.61063719
11.059999,0.000000,4.13367462
11.080000,0.000000,3.81569982
11.099999,0.000000,3.33873725
11.120000,0.000000,3.17974973
11.139999,0.000000,2.70278740
11.160000,0.000000,2.22582483
11.179999,0.000000,2.06683731
11.200000,0.000000,1.58987486
11.219999,0.000000,1.27189982
11.240000,0.000000,0.95392495
11.259999,0.000000,0.63594991
11.280000,0.000000,0.47696248
11.300000,0.000000,0.15898748
11.320000,0.000000,0.00000000
11.340000,0.000000,0.00000000
11.360000,0.000000,0.00000000
11.380000,0.000000,0.00000000
11.400000,0.000000,0.00000000
11.420000,0.000000,0.00000000
11.440000,0.000000,0.00000000
11.460000,0.000000,0.00000000
11.480000,0.000000,0.00000000
11.500000,0.000000,0.00000000
11.520000,0.000000,0.00000000
11.540000,0.000000,0.00000000
11.559999,0.000000,0.00000000
11.580000,0.000000,0.00000000
11.599999,0.000000,0.00000000
11.620000,0.000000,0.00000000
11.639999,0.000000,0.00000000
11.660000,0.000000,0.00000000
11.679999,0.000000,0.00000000
11.700000,0.000000,0.00000000
11.719999,0.000000,0.00000000
11.740000,0.000000,0.00000000
11.759999,0.000000,0.00000000
11.780000,0.000000,0.00000000
11.800000,0.000000,0.00000000
11.820000,0.000000,0.00000000
11.840000,0.000000,0.00000000
11.860000,0.000000,0.00000000
11.880000,0.000000,0.00000000
11.900000,0.000000,0.00000000
11.920000,0.000000,0.00000000
11.940000,0.000000,0.00000000
11.960000,0.000000,0.00000000
11.980000,0.000000,0.00000000
12.000000,0.000000,0.00000000
12.020000,0.000000,0.00000000
12.040000,0.000000,0.00000000
12.059999,0.000000,0.00000000
12.080000,0.000000,0.00000000
12.099999,0.000000,0.00000000
12.120000,0.000000,0.00000000
12.139999,0.000000,0.00000000
12.160000,0.000000,0.00000000
12.179999,0.000000,0.00000000
12.200000,0.000000,0.00000000
12.219999,0.000000,0.00000000
12.240000,0.000000,0.00000000
12.259999,0.000000,0.00000000
12.280000,0.000000,0.00000000
12.300000,0.000000,0.00000000
12.320000,0.000000,0.00000000
12.340000,0.000000,0.00000000
12.360000,0.000000,0.00000000
12.380000,0.000000,0.00000000
12.400000,0.000000,0.00000000
12.420000,0.000000,0.00000000
12.440000,0.000000,0.00000000
12.460000,0.000000,0.00000000
12.480000,0.000000,0.00000000
12.500000,0.000000,0.00000000
12.520000,0.000000,0.00000000
12.540000,0.000000,0.00000000
12.559999,0.000000,0.00000000
12.580000,0.000000,0.00000000
12.599999,0.000000,0.00000000
12.620000,0.000000,0.00000000
12.639999,0.000000,0.00000000
12.660000,0.000000,0.00000000
12.679999,0.000000,0.00000000
12.700000,0.000000,0.00000000
12.719999,0.000000,0.00000000
12.740000,0.000000,0.00000000
12.759999,0.000000,0.00000000
12.780000,0.000000,0.00000000
12.799999,0.000000,0.00000000
12.820000,0.000000,0.00000000
12.840000,0.000000,0.00000000
12.860000,0.000000,0.00000000
12.880000,0.000000,0.00000000
12.900000,0.000000,0.00000000
12.920000,0.000000,0.00000000
12.940000,0.000000,0.00000000
12.960000,0.000000,0.00000000
12.980000,0.000000,0.00000000
13.000000,0.000000,0.00000000