k,t_k1_s,pwm_k,u_eff_k,omega_k_rad_s,omega_k1_rad_s
0,0.020000,0.000000,0.000000,0.00000000,0.00000000
1,0.040000,0.000000,0.000000,0.00000000,0.00000000
2,0.060000,0.000000,0.000000,0.00000000,0.00000000
3,0.080000,0.000000,0.000000,0.00000000,0.00000000
4,0.100000,0.000000,0.000000,0.00000000,0.00000000
5,0.120000,0.000000,0.000000,0.00000000,0.00000000
6,0.140000,0.000000,0.000000,0.00000000,0.00000000
7,0.160000,0.000000,0.000000,0.00000000,0.00000000
8,0.180000,0.000000,0.000000,0.00000000,0.00000000
9,0.200000,0.000000,0.000000,0.00000000,0.00000000
10,0.220000,0.000000,0.000000,0.00000000,0.00000000
11,0.240000,0.000000,0.000000,0.00000000,0.00000000
12,0.260000,0.000000,0.000000,0.00000000,0.00000000
13,0.280000,0.000000,0.000000,0.00000000,0.00000000
14,0.300000,0.000000,0.000000,0.00000000,0.00000000
15,0.320000,0.000000,0.000000,0.00000000,0.00000000
16,0.340000,0.000000,0.000000,0.00000000,0.00000000
17,0.360000,0.000000,0.000000,0.00000000,0.00000000
18,0.380000,0.000000,0.000000,0.00000000,0.00000000
19,0.400000,0.000000,0.000000,0.00000000,0.00000000
20,0.420000,0.000000,0.000000,0.00000000,0.00000000
21,0.440000,0.000000,0.000000,0.00000000,0.00000000
22,0.460000,0.000000,0.000000,0.00000000,0.00000000
23,0.480000,0.000000,0.000000,0.00000000,0.00000000
24,0.500000,0.000000,0.000000,0.00000000,0.00000000
25,0.520000,0.000000,0.000000,0.00000000,0.00000000
26,0.540000,0.000000,0.000000,0.00000000,0.00000000
27,0.560000,0.000000,0.000000,0.00000000,0.00000000
28,0.580000,0.000000,0.000000,0.00000000,0.00000000
29,0.600000,0.000000,0.000000,0.00000000,0.00000000
30,0.620000,0.000000,0.000000,0.00000000,0.00000000
31,0.640000,0.000000,0.000000,0.00000000,0.00000000
32,0.660000,0.000000,0.000000,0.00000000,0.00000000
33,0.680000,0.000000,0.000000,0.00000000,0.00000000
34,0.700000,0.000000,0.000000,0.00000000,0.00000000
35,0.720000,0.000000,0.000000,0.00000000,0.00000000
36,0.740000,0.000000,0.000000,0.00000000,0.00000000
37,0.760000,0.000000,0.000000,0.00000000,0.00000000
38,0.780000,0.000000,0.000000,0.00000000,0.00000000
39,0.800000,0.000000,0.000000,0.00000000,0.00000000
40,0.820000,0.000000,0.000000,0.00000000,0.00000000
41,0.840000,0.000000,0.000000,0.00000000,0.00000000
42,0.860000,0.000000,0.000000,0.00000000,0.00000000
43,0.880000,0.000000,0.000000,0.00000000,0.00000000
44,0.900000,0.000000,0.000000,0.00000000,0.00000000
45,0.920000,0.000000,0.000000,0.00000000,0.00000000
46,0.940000,0.000000,0.000000,0.00000000,0.00000000
47,0.960000,0.000000,0.000000,0.00000000,0.00000000
48,0.980000,0.000000,0.000000,0.00000000,0.00000000
49,1.000000,0.000000,0.000000,0.00000000,0.00000000
50,1.020000,0.700000,0.333333,0.00000000,-0.31797495
51,1.040000,0.700000,0.333333,-0.31797495,-2.86177468
52,1.060000,0.700000,0.333333,-2.86177468,-3.97468710
53,1.080000,0.700000,0.333333,-3.97468710,-4.61063719
54,1.100000,0.700000,0.333333,-4.61063719,-4.92861223
55,1.120000,0.700000,0.333333,-4.92861223,-5.08759928
56,1.140000,0.700000,0.333333,-5.08759928,-5.08759928
57,1.160000,0.700000,0.333333,-5.08759928,-5.24658728
58,1.180000,0.700000,0.333333,-5.24658728,-5.24658728
59,1.200000,0.700000,0.333333,-5.24658728,-5.08759928
60,1.220000,0.700000,0.333333,-5.08759928,-5.24658728
61,1.240000,0.700000,0.333333,-5.24658728,-5.24658728
62,1.260000,0.700000,0.333333,-5.24658728,-5.24658728
63,1.280000,0.700000,0.333333,-5.24658728,-5.24658728
64,1.300000,0.700000,0.333333,-5.24658728,-5.24658728
65,1.320000,0.700000,0.333333,-5.24658728,-5.24658728
66,1.340000,0.700000,0.333333,-5.24658728,-5.40557480
67,1.360000,0.700000,0.333333,-5.40557480,-5.24658728
68,1.380000,0.700000,0.333333,-5.24658728,-5.24658728
69,1.400000,0.700000,0.333333,-5.24658728,-5.24658728
70,1.420000,0.700000,0.333333,-5.24658728,-5.24658728
71,1.440000,0.700000,0.333333,-5.24658728,-5.24658728
72,1.460000,0.700000,0.333333,-5.24658728,-5.24658728
73,1.480000,0.700000,0.333333,-5.24658728,-5.24658728
74,1.500000,0.700000,0.333333,-5.24658728,-5.24658728
75,1.520000,0.700000,0.333333,-5.24658728,-5.24658728
76,1.540000,0.700000,0.333333,-5.24658728,-5.24658728
77,1.560000,0.700000,0.333333,-5.24658728,-5.24658728
78,1.580000,0.700000,0.333333,-5.24658728,-5.24658728
79,1.600000,0.700000,0.333333,-5.24658728,-5.24658728
80,1.620000,0.700000,0.333333,-5.24658728,-5.24658728
81,1.640000,0.700000,0.333333,-5.24658728,-5.24658728
82,1.660000,0.700000,0.333333,-5.24658728,-5.24658728
83,1.680000,0.700000,0.333333,-5.24658728,-5.24658728
84,1.700000,0.700000,0.333333,-5.24658728,-5.40557480
85,1.720000,0.700000,0.333333,-5.40557480,-5.24658728
86,1.740000,0.700000,0.333333,-5.24658728,-5.24658728
87,1.760000,0.700000,0.333333,-5.24658728,-5.24658728
88,1.780000,0.700000,0.333333,-5.24658728,-5.24658728
89,1.800000,0.700000,0.333333,-5.24658728,-5.24658728
90,1.820000,0.700000,0.333333,-5.24658728,-5.24658728
91,1.840000,0.700000,0.333333,-5.24658728,-5.24658728
92,1.860000,0.700000,0.333333,-5.24658728,-5.24658728
93,1.880000,0.700000,0.333333,-5.24658728,-5.24658728
94,1.900000,0.700000,0.333333,-5.24658728,-5.24658728
95,1.920000,0.700000,0.333333,-5.24658728,-5.24658728
96,1.940000,0.700000,0.333333,-5.24658728,-5.24658728
97,1.960000,0.700000,0.333333,-5.24658728,-5.40557480
98,1.980000,0.700000,0.333333,-5.40557480,-5.24658728
99,2.000000,0.700000,0.333333,-5.24658728,-5.24658728
100,2.020000,0.700000,0.333333,-5.24658728,-5.24658728
101,2.040000,0.700000,0.333333,-5.24658728,-5.24658728
102,2.060000,0.700000,0.333333,-5.24658728,-5.24658728
103,2.080000,0.700000,0.333333,-5.24658728,-5.24658728
104,2.100000,0.700000,0.333333,-5.24658728,-5.24658728
105,2.120000,0.700000,0.333333,-5.24658728,-5.24658728
106,2.140000,0.700000,0.333333,-5.24658728,-5.24658728
107,2.160000,0.700000,0.333333,-5.24658728,-5.24658728
108,2.180000,0.700000,0.333333,-5.24658728,-5.40557480
109,2.200000,0.700000,0.333333,-5.40557480,-5.24658728
110,2.220000,0.700000,0.333333,-5.24658728,-5.24658728
111,2.240000,0.700000,0.333333,-5.24658728,-5.24658728
112,2.260000,0.700000,0.333333,-5.24658728,-5.24658728
113,2.280000,0.700000,0.333333,-5.24658728,-5.24658728
114,2.300000,0.700000,0.333333,-5.24658728,-5.24658728
115,2.320000,0.700000,0.333333,-5.24658728,-5.24658728
116,2.340000,0.700000,0.333333,-5.24658728,-5.24658728
117,2.360000,0.700000,0.333333,-5.24658728,-5.24658728
118,2.380000,0.700000,0.333333,-5.24658728,-5.24658728
119,2.400000,0.700000,0.333333,-5.24658728,-5.24658728
120,2.420000,0.700000,0.333333,-5.24658728,-5.24658728
121,2.440000,0.700000,0.333333,-5.24658728,-5.40557480
122,2.460000,0.700000,0.333333,-5.40557480,-5.24658728
123,2.480000,0.700000,0.333333,-5.24658728,-5.24658728
124,2.500000,0.700000,0.333333,-5.24658728,-5.24658728
125,2.520000,0.700000,0.333333,-5.24658728,-5.24658728
126,2.540000,0.700000,0.333333,-5.24658728,-5.24658728
127,2.560000,0.700000,0.333333,-5.24658728,-5.24658728
128,2.580000,0.700000,0.333333,-5.24658728,-5.24658728
129,2.600000,0.700000,0.333333,-5.24658728,-5.24658728
130,2.620000,0.700000,0.333333,-5.24658728,-5.24658728
131,2.640000,0.700000,0.333333,-5.24658728,-5.24658728
132,2.660000,0.700000,0.333333,-5.24658728,-5.24658728
133,2.680000,0.700000,0.333333,-5.24658728,-5.24658728
134,2.700000,0.700000,0.333333,-5.24658728,-5.40557480
135,2.720000,0.700000,0.333333,-5.40557480,-5.24658728
136,2.740000,0.700000,0.333333,-5.24658728,-5.24658728
137,2.760000,0.700000,0.333333,-5.24658728,-5.24658728
138,2.780000,0.700000,0.333333,-5.24658728,-5.24658728
139,2.800000,0.700000,0.333333,-5.24658728,-5.24658728
140,2.820000,0.700000,0.333333,-5.24658728,-5.24658728
141,2.840000,0.700000,0.333333,-5.24658728,-5.24658728
142,2.860000,0.700000,0.333333,-5.24658728,-5.24658728
143,2.880000,0.700000,0.333333,-5.24658728,-5.24658728
144,2.900000,0.700000,0.333333,-5.24658728,-5.24658728
145,2.920000,0.700000,0.333333,-5.24658728,-5.40557480
146,2.940000,0.700000,0.333333,-5.40557480,-5.24658728
147,2.960000,0.700000,0.333333,-5.24658728,-5.24658728
148,2.980000,0.700000,0.333333,-5.24658728,-5.24658728
149,3.000000,0.700000,0.333333,-5.24658728,-5.24658728
150,3.020000,0.700000,0.333333,-5.24658728,-5.24658728
151,3.040000,0.700000,0.333333,-5.24658728,-5.24658728
152,3.060000,0.700000,0.333333,-5.24658728,-5.24658728
153,3.080000,0.700000,0.333333,-5.24658728,-5.24658728
154,3.100000,0.700000,0.333333,-5.24658728,-5.24658728
155,3.120000,0.700000,0.333333,-5.24658728,-5.24658728
156,3.140000,0.700000,0.333333,-5.24658728,-5.24658728
157,3.160000,0.700000,0.333333,-5.24658728,-5.24658728
158,3.180000,0.700000,0.333333,-5.24658728,-5.40557480
159,3.200000,0.700000,0.333333,-5.40557480,-5.24658728
160,3.220000,0.700000,0.333333,-5.24658728,-5.24658728
161,3.240000,0.700000,0.333333,-5.24658728,-5.24658728
162,3.260000,0.700000,0.333333,-5.24658728,-5.24658728
163,3.280000,0.700000,0.333333,-5.24658728,-5.24658728
164,3.300000,0.700000,0.333333,-5.24658728,-5.24658728
165,3.320000,0.700000,0.333333,-5.24658728,-5.24658728
166,3.340000,0.700000,0.333333,-5.24658728,-5.24658728
167,3.360000,0.700000,0.333333,-5.24658728,-5.24658728
168,3.380000,0.700000,0.333333,-5.24658728,-5.24658728
169,3.400000,0.700000,0.333333,-5.24658728,-5.40557480
170,3.420000,0.700000,0.333333,-5.40557480,-5.24658728
171,3.440000,0.700000,0.333333,-5.24658728,-5.24658728
172,3.460000,0.700000,0.333333,-5.24658728,-5.24658728
173,3.480000,0.700000,0.333333,-5.24658728,-5.24658728
174,3.500000,0.700000,0.333333,-5.24658728,-5.24658728
175,3.520000,0.700000,0.333333,-5.24658728,-5.24658728
176,3.540000,0.700000,0.333333,-5.24658728,-5.24658728
177,3.560000,0.700000,0.333333,-5.24658728,-5.24658728
178,3.580000,0.700000,0.333333,-5.24658728,-5.24658728
179,3.600000,0.700000,0.333333,-5.24658728,-5.24658728
180,3.620000,0.700000,0.333333,-5.24658728,-5.24658728
181,3.640000,0.700000,0.333333,-5.24658728,-5.24658728
182,3.660000,0.700000,0.333333,-5.24658728,-5.40557480
183,3.680000,0.700000,0.333333,-5.40557480,-5.24658728
184,3.700000,0.700000,0.333333,-5.24658728,-5.24658728
185,3.720000,0.700000,0.333333,-5.24658728,-5.24658728
186,3.740000,0.700000,0.333333,-5.24658728,-5.24658728
187,3.760000,0.700000,0.333333,-5.24658728,-5.24658728
188,3.780000,0.700000,0.333333,-5.24658728,-5.24658728
189,3.800000,0.700000,0.333333,-5.24658728,-5.24658728
190,3.820000,0.700000,0.333333,-5.24658728,-5.24658728
191,3.840000,0.700000,0.333333,-5.24658728,-5.24658728
192,3.860000,0.700000,0.333333,-5.24658728,-5.24658728
193,3.880000,0.700000,0.333333,-5.24658728,-5.40557480
194,3.900000,0.700000,0.333333,-5.40557480,-5.24658728
195,3.920000,0.700000,0.333333,-5.24658728,-5.24658728
196,3.940000,0.700000,0.333333,-5.24658728,-5.24658728
197,3.960000,0.700000,0.333333,-5.24658728,-5.24658728
198,3.980000,0.700000,0.333333,-5.24658728,-5.24658728
199,4.000000,0.700000,0.333333,-5.24658728,-5.24658728
200,4.020000,0.700000,0.333333,-5.24658728,-5.24658728
201,4.040000,0.700000,0.333333,-5.24658728,-5.24658728
202,4.060000,0.700000,0.333333,-5.24658728,-5.24658728
203,4.080000,0.700000,0.333333,-5.24658728,-5.24658728
204,4.100000,0.700000,0.333333,-5.24658728,-5.24658728
205,4.120000,0.700000,0.333333,-5.24658728,-5.24658728
206,4.140000,0.700000,0.333333,-5.24658728,-5.40557480
207,4.160000,0.700000,0.333333,-5.40557480,-5.24658728
208,4.180000,0.700000,0.333333,-5.24658728,-5.24658728
209,4.200000,0.700000,0.333333,-5.24658728,-5.24658728
210,4.220000,0.700000,0.333333,-5.24658728,-5.24658728
211,4.240000,0.700000,0.333333,-5.24658728,-5.24658728
212,4.260000,0.700000,0.333333,-5.24658728,-5.24658728
213,4.280000,0.700000,0.333333,-5.24658728,-5.24658728
214,4.300000,0.700000,0.333333,-5.24658728,-5.24658728
215,4.320000,0.700000,0.333333,-5.24658728,-5.24658728
216,4.340000,0.700000,0.333333,-5.24658728,-5.24658728
217,4.360000,0.700000,0.333333,-5.24658728,-5.24658728
218,4.380000,0.700000,0.333333,-5.24658728,-5.40557480
219,4.400000,0.700000,0.333333,-5.40557480,-5.24658728
220,4.420000,0.700000,0.333333,-5.24658728,-5.24658728
221,4.440000,0.700000,0.333333,-5.24658728,-5.24658728
222,4.460000,0.700000,0.333333,-5.24658728,-5.24658728
223,4.480000,0.700000,0.333333,-5.24658728,-5.24658728
224,4.500000,0.700000,0.333333,-5.24658728,-5.24658728
225,4.520000,0.700000,0.333333,-5.24658728,-5.24658728
226,4.540000,0.700000,0.333333,-5.24658728,-5.24658728
227,4.560000,0.700000,0.333333,-5.24658728,-5.24658728
228,4.580000,0.700000,0.333333,-5.24658728,-5.24658728
229,4.600000,0.700000,0.333333,-5.24658728,-5.24658728
230,4.620000,0.700000,0.333333,-5.24658728,-5.40557480
231,4.640000,0.700000,0.333333,-5.40557480,-5.24658728
232,4.660000,0.700000,0.333333,-5.24658728,-5.24658728
233,4.680000,0.700000,0.333333,-5.24658728,-5.24658728
234,4.700000,0.700000,0.333333,-5.24658728,-5.24658728
235,4.720000,0.700000,0.333333,-5.24658728,-5.24658728
236,4.740000,0.700000,0.333333,-5.24658728,-5.24658728
237,4.760000,0.700000,0.333333,-5.24658728,-5.24658728
238,4.780000,0.700000,0.333333,-5.24658728,-5.24658728
239,4.800000,0.700000,0.333333,-5.24658728,-5.24658728
240,4.820000,0.700000,0.333333,-5.24658728,-5.24658728
241,4.840000,0.700000,0.333333,-5.24658728,-5.24658728
242,4.860000,0.700000,0.333333,-5.24658728,-5.40557480
243,4.880000,0.700000,0.333333,-5.40557480,-5.24658728
244,4.900000,0.700000,0.333333,-5.24658728,-5.24658728
245,4.920000,0.700000,0.333333,-5.24658728,-5.24658728
246,4.940000,0.700000,0.333333,-5.24658728,-5.24658728
247,4.960000,0.700000,0.333333,-5.24658728,-5.24658728
248,4.980000,0.700000,0.333333,-5.24658728,-5.24658728
249,5.000000,0.700000,0.333333,-5.24658728,-5.24658728
250,5.020000,0.700000,0.333333,-5.24658728,-5.24658728
251,5.040000,0.700000,0.333333,-5.24658728,-5.24658728
252,5.060000,0.700000,0.333333,-5.24658728,-5.24658728
253,5.080000,0.700000,0.333333,-5.24658728,-5.24658728
254,5.100000,0.700000,0.333333,-5.24658728,-5.24658728
255,5.120000,0.700000,0.333333,-5.24658728,-5.24658728
256,5.140000,0.700000,0.333333,-5.24658728,-5.24658728
257,5.160000,0.700000,0.333333,-5.24658728,-5.24658728
258,5.180000,0.700000,0.333333,-5.24658728,-5.24658728
259,5.200000,0.700000,0.333333,-5.24658728,-5.24658728
260,5.220000,0.700000,0.333333,-5.24658728,-5.24658728
261,5.240000,0.700000,0.333333,-5.24658728,-5.24658728
262,5.260000,0.700000,0.333333,-5.24658728,-5.40557480
263,5.280000,0.700000,0.333333,-5.40557480,-5.24658728
264,5.300000,0.700000,0.333333,-5.24658728,-5.08759928
265,5.320000,0.700000,0.333333,-5.08759928,-5.40557480
266,5.340000,0.700000,0.333333,-5.40557480,-5.24658728
267,5.360000,0.700000,0.333333,-5.24658728,-5.24658728
268,5.380000,0.700000,0.333333,-5.24658728,-5.24658728
269,5.400000,0.700000,0.333333,-5.24658728,-5.24658728
270,5.420000,0.700000,0.333333,-5.24658728,-5.24658728
271,5.440000,0.700000,0.333333,-5.24658728,-5.24658728
272,5.460000,0.700000,0.333333,-5.24658728,-5.24658728
273,5.480000,0.700000,0.333333,-5.24658728,-5.24658728
274,5.500000,0.700000,0.333333,-5.24658728,-5.24658728
275,5.520000,0.700000,0.333333,-5.24658728,-5.24658728
276,5.540000,0.700000,0.333333,-5.24658728,-5.24658728
277,5.560000,0.700000,0.333333,-5.24658728,-5.24658728
278,5.580000,0.700000,0.333333,-5.24658728,-5.24658728
279,5.600000,0.700000,0.333333,-5.24658728,-5.40557480
280,5.620000,0.700000,0.333333,-5.40557480,-5.24658728
281,5.640000,0.700000,0.333333,-5.24658728,-5.24658728
282,5.660000,0.700000,0.333333,-5.24658728,-5.24658728
283,5.680000,0.700000,0.333333,-5.24658728,-5.24658728
284,5.700000,0.700000,0.333333,-5.24658728,-5.24658728
285,5.720000,0.700000,0.333333,-5.24658728,-5.24658728
286,5.740000,0.700000,0.333333,-5.24658728,-5.24658728
287,5.760000,0.700000,0.333333,-5.24658728,-5.24658728
288,5.780000,0.700000,0.333333,-5.24658728,-5.24658728
289,5.800000,0.700000,0.333333,-5.24658728,-5.24658728
290,5.820000,0.700000,0.333333,-5.24658728,-5.24658728
291,5.840000,0.700000,0.333333,-5.24658728,-5.24658728
292,5.860000,0.700000,0.333333,-5.24658728,-5.24658728
293,5.880000,0.700000,0.333333,-5.24658728,-5.24658728
294,5.900000,0.700000,0.333333,-5.24658728,-5.24658728
295,5.920000,0.700000,0.333333,-5.24658728,-5.40557480
296,5.940000,0.700000,0.333333,-5.40557480,-5.08759928
297,5.960000,0.700000,0.333333,-5.08759928,-5.24658728
298,5.980000,0.700000,0.333333,-5.24658728,-5.40557480
299,6.000000,0.700000,0.333333,-5.40557480,-5.24658728
300,6.020000,0.000000,0.000000,-5.24658728,-5.08759928
301,6.040000,0.000000,0.000000,-5.08759928,-4.92861223
302,6.060000,0.000000,0.000000,-4.92861223,-4.45164967
303,6.080000,0.000000,0.000000,-4.45164967,-4.13367462
304,6.100000,0.000000,0.000000,-4.13367462,-3.81569982
305,6.120000,0.000000,0.000000,-3.81569982,-3.33873725
306,6.140000,0.000000,0.000000,-3.33873725,-3.02076221
307,6.160000,0.000000,0.000000,-3.02076221,-2.54379964
308,6.180000,0.000000,0.000000,-2.54379964,-2.38481236
309,6.200000,0.000000,0.000000,-2.38481236,-1.90784991
310,6.220000,0.000000,0.000000,-1.90784991,-1.74886227
311,6.240000,0.000000,0.000000,-1.74886227,-1.27189982
312,6.260000,0.000000,0.000000,-1.27189982,-1.11291242
313,6.280000,0.000000,0.000000,-1.11291242,-0.63594991
314,6.300000,0.000000,0.000000,-0.63594991,-0.31797495
315,6.320000,0.000000,0.000000,-0.31797495,0.00000000
316,6.340000,0.000000,0.000000,0.00000000,0.00000000
317,6.360000,0.000000,0.000000,0.00000000,0.00000000
318,6.380000,0.000000,0.000000,0.00000000,0.00000000
319,6.400000,0.000000,0.000000,0.00000000,0.00000000
320,6.420000,0.000000,0.000000,0.00000000,0.00000000
321,6.440000,0.000000,0.000000,0.00000000,0.00000000
322,6.460000,0.000000,0.000000,0.00000000,0.00000000
323,6.480000,0.000000,0.000000,0.00000000,0.00000000
324,6.500000,0.000000,0.000000,0.00000000,0.00000000
325,6.520000,0.000000,0.000000,0.00000000,0.00000000
326,6.540000,0.000000,0.000000,0.00000000,0.00000000
327,6.560000,0.000000,0.000000,0.00000000,0.00000000
328,6.580000,0.000000,0.000000,0.00000000,0.00000000
329,6.600000,0.000000,0.000000,0.00000000,0.00000000
330,6.620000,0.000000,0.000000,0.00000000,0.00000000
331,6.640000,0.000000,0.000000,0.00000000,0.00000000
332,6.660000,0.000000,0.000000,0.00000000,0.00000000
333,6.680000,0.000000,0.000000,0.00000000,0.00000000
334,6.700000,0.000000,0.000000,0.00000000,0.00000000
335,6.720000,0.000000,0.000000,0.00000000,0.00000000
336,6.740000,0.000000,0.000000,0.00000000,0.00000000
337,6.760000,0.000000,0.000000,0.00000000,0.00000000
338,6.780000,0.000000,0.000000,0.00000000,0.00000000
339,6.800000,0.000000,0.000000,0.00000000,0.00000000
340,6.820000,0.000000,0.000000,0.00000000,0.00000000
341,6.840000,0.000000,0.000000,0.00000000,0.00000000
342,6.860000,0.000000,0.000000,0.00000000,0.00000000
343,6.880000,0.000000,0.000000,0.00000000,0.00000000
344,6.900000,0.000000,0.000000,0.00000000,0.00000000
345,6.920000,0.000000,0.000000,0.00000000,0.00000000
346,6.940000,0.000000,0.000000,0.00000000,0.00000000
347,6.960000,0.000000,0.000000,0.00000000,0.00000000
348,6.980000,0.000000,0.000000,0.00000000,0.00000000
349,7.000000,0.000000,0.000000,0.00000000,0.00000000
350,7.020000,0.000000,0.000000,0.00000000,0.00000000
351,7.040000,0.000000,0.000000,0.00000000,0.00000000
352,7.060000,0.000000,0.000000,0.00000000,0.00000000
353,7.080000,0.000000,0.000000,0.00000000,0.00000000
354,7.100000,0.000000,0.000000,0.00000000,0.00000000
355,7.120000,0.000000,0.000000,0.00000000,0.00000000
356,7.140000,0.000000,0.000000,0.00000000,0.00000000
357,7.160000,0.000000,0.000000,0.00000000,0.00000000
358,7.180000,0.000000,0.000000,0.00000000,0.00000000
359,7.200000,0.000000,0.000000,0.00000000,0.00000000
360,7.220000,0.000000,0.000000,0.00000000,0.00000000
361,7.240000,0.000000,0.000000,0.00000000,0.00000000
362,7.260000,0.000000,0.000000,0.00000000,0.00000000
363,7.280000,0.000000,0.000000,0.00000000,0.00000000
364,7.300000,0.000000,0.000000,0.00000000,0.00000000
365,7.320000,0.000000,0.000000,0.00000000,0.00000000
366,7.340000,0.000000,0.000000,0.00000000,0.00000000
367,7.360000,0.000000,0.000000,0.00000000,0.00000000
368,7.380000,0.000000,0.000000,0.00000000,0.00000000
369,7.400000,0.000000,0.000000,0.00000000,0.00000000
370,7.420000,0.000000,0.000000,0.00000000,0.00000000
371,7.440000,0.000000,0.000000,0.00000000,0.00000000
372,7.460000,0.000000,0.000000,0.00000000,0.00000000
373,7.480000,0.000000,0.000000,0.00000000,0.00000000
374,7.500000,0.000000,0.000000,0.00000000,0.00000000
375,7.520000,0.000000,0.000000,0.00000000,0.00000000
376,7.540000,0.000000,0.000000,0.00000000,0.00000000
377,7.560000,0.000000,0.000000,0.00000000,0.00000000
378,7.580000,0.000000,0.000000,0.00000000,0.00000000
379,7.600000,0.000000,0.000000,0.00000000,0.00000000
380,7.620000,0.000000,0.000000,0.00000000,0.00000000
381,7.640000,0.000000,0.000000,0.00000000,0.00000000
382,7.660000,0.000000,0.000000,0.00000000,0.00000000
383,7.680000,0.000000,0.000000,0.00000000,0.00000000
384,7.700000,0.000000,0.000000,0.00000000,0.00000000
385,7.720000,0.000000,0.000000,0.00000000,0.00000000
386,7.740000,0.000000,0.000000,0.00000000,0.00000000
387,7.760000,0.000000,0.000000,0.00000000,0.00000000
388,7.780000,0.000000,0.000000,0.00000000,0.00000000
389,7.800000,0.000000,0.000000,0.00000000,0.00000000
390,7.820000,0.000000,0.000000,0.00000000,0.00000000
391,7.840000,0.000000,0.000000,0.00000000,0.00000000
392,7.860000,0.000000,0.000000,0.00000000,0.00000000
393,7.880000,0.000000,0.000000,0.00000000,0.00000000
394,7.900000,0.000000,0.000000,0.00000000,0.00000000
395,7.920000,0.000000,0.000000,0.00000000,0.00000000
396,7.940000,0.000000,0.000000,0.00000000,0.00000000
397,7.960000,0.000000,0.000000,0.00000000,0.00000000
398,7.980000,0.000000,0.000000,0.00000000,0.00000000
399,8.000000,0.000000,0.000000,0.00000000,0.00000000
400,8.020000,-0.700000,-0.333333,0.00000000,0.31797495
401,8.040000,-0.700000,-0.333333,0.31797495,2.70278740
402,8.059999,-0.700000,-0.333333,2.70278740,3.97468710
403,8.080000,-0.700000,-0.333333,3.97468710,4.45164967
404,8.099999,-0.700000,-0.333333,4.45164967,4.76962471
405,8.120000,-0.700000,-0.333333,4.76962471,4.92861223
406,8.139999,-0.700000,-0.333333,4.92861223,4.92861223
407,8.160000,-0.700000,-0.333333,4.92861223,5.08759928
408,8.179999,-0.700000,-0.333333,5.08759928,4.92861223
409,8.200000,-0.700000,-0.333333,4.92861223,5.08759928
410,8.220000,-0.700000,-0.333333,5.08759928,4.92861223
411,8.240000,-0.700000,-0.333333,4.92861223,5.08759928
412,8.260000,-0.700000,-0.333333,5.08759928,5.08759928
413,8.280000,-0.700000,-0.333333,5.08759928,4.92861223
414,8.300000,-0.700000,-0.333333,4.92861223,5.08759928
415,8.320000,-0.700000,-0.333333,5.08759928,5.08759928
416,8.340000,-0.700000,-0.333333,5.08759928,4.92861223
417,8.360000,-0.700000,-0.333333,4.92861223,4.92861223
418,8.380000,-0.700000,-0.333333,4.92861223,5.08759928
419,8.400000,-0.700000,-0.333333,5.08759928,5.08759928
420,8.420000,-0.700000,-0.333333,5.08759928,5.08759928
421,8.440000,-0.700000,-0.333333,5.08759928,4.92861223
422,8.460000,-0.700000,-0.333333,4.92861223,5.08759928
423,8.480000,-0.700000,-0.333333,5.08759928,5.08759928
424,8.500000,-0.700000,-0.333333,5.08759928,5.08759928
425,8.520000,-0.700000,-0.333333,5.08759928,5.08759928
426,8.540000,-0.700000,-0.333333,5.08759928,4.92861223
427,8.559999,-0.700000,-0.333333,4.92861223,5.08759928
428,8.580000,-0.700000,-0.333333,5.08759928,5.08759928
429,8.599999,-0.700000,-0.333333,5.08759928,5.08759928
430,8.620000,-0.700000,-0.333333,5.08759928,5.08759928
431,8.639999,-0.700000,-0.333333,5.08759928,4.92861223
432,8.660000,-0.700000,-0.333333,4.92861223,5.08759928
433,8.679999,-0.700000,-0.333333,5.08759928,5.08759928
434,8.700000,-0.700000,-0.333333,5.08759928,5.08759928
435,8.720000,-0.700000,-0.333333,5.08759928,5.08759928
436,8.740000,-0.700000,-0.333333,5.08759928,5.08759928
437,8.760000,-0.700000,-0.333333,5.08759928,4.92861223
438,8.780000,-0.700000,-0.333333,4.92861223,5.08759928
439,8.800000,-0.700000,-0.333333,5.08759928,5.08759928
440,8.820000,-0.700000,-0.333333,5.08759928,5.08759928
441,8.840000,-0.700000,-0.333333,5.08759928,5.08759928
442,8.860000,-0.700000,-0.333333,5.08759928,5.08759928
443,8.880000,-0.700000,-0.333333,5.08759928,5.08759928
444,8.900000,-0.700000,-0.333333,5.08759928,4.92861223
445,8.920000,-0.700000,-0.333333,4.92861223,5.08759928
446,8.940000,-0.700000,-0.333333,5.08759928,5.08759928
447,8.960000,-0.700000,-0.333333,5.08759928,5.08759928
448,8.980000,-0.700000,-0.333333,5.08759928,5.08759928
449,9.000000,-0.700000,-0.333333,5.08759928,5.08759928
450,9.020000,-0.700000,-0.333333,5.08759928,5.08759928
451,9.040000,-0.700000,-0.333333,5.08759928,5.08759928
452,9.059999,-0.700000,-0.333333,5.08759928,4.92861223
453,9.080000,-0.700000,-0.333333,4.92861223,5.08759928
454,9.099999,-0.700000,-0.333333,5.08759928,5.08759928
455,9.120000,-0.700000,-0.333333,5.08759928,5.08759928
456,9.139999,-0.700000,-0.333333,5.08759928,5.08759928
457,9.160000,-0.700000,-0.333333,5.08759928,5.08759928
458,9.179999,-0.700000,-0.333333,5.08759928,5.08759928
459,9.200000,-0.700000,-0.333333,5.08759928,5.08759928
460,9.220000,-0.700000,-0.333333,5.08759928,4.92861223
461,9.240000,-0.700000,-0.333333,4.92861223,5.08759928
462,9.260000,-0.700000,-0.333333,5.08759928,5.08759928
463,9.280000,-0.700000,-0.333333,5.08759928,5.08759928
464,9.300000,-0.700000,-0.333333,5.08759928,5.08759928
465,9.320000,-0.700000,-0.333333,5.08759928,5.08759928
466,9.340000,-0.700000,-0.333333,5.08759928,5.08759928
467,9.360000,-0.700000,-0.333333,5.08759928,5.08759928
468,9.380000,-0.700000,-0.333333,5.08759928,5.08759928
469,9.400000,-0.700000,-0.333333,5.08759928,5.08759928
470,9.420000,-0.700000,-0.333333,5.08759928,4.92861223
471,9.440000,-0.700000,-0.333333,4.92861223,4.92861223
472,9.460000,-0.700000,-0.333333,4.92861223,5.08759928
473,9.480000,-0.700000,-0.333333,5.08759928,5.08759928
474,9.500000,-0.700000,-0.333333,5.08759928,5.08759928
475,9.520000,-0.700000,-0.333333,5.08759928,5.08759928
476,9.540000,-0.700000,-0.333333,5.08759928,5.08759928
477,9.559999,-0.700000,-0.333333,5.08759928,5.08759928
478,9.580000,-0.700000,-0.333333,5.08759928,5.08759928
479,9.599999,-0.700000,-0.333333,5.08759928,5.08759928
480,9.620000,-0.700000,-0.333333,5.08759928,5.08759928
481,9.639999,-0.700000,-0.333333,5.08759928,5.08759928
482,9.660000,-0.700000,-0.333333,5.08759928,5.08759928
483,9.679999,-0.700000,-0.333333,5.08759928,4.92861223
484,9.700000,-0.700000,-0.333333,4.92861223,5.24658728
485,9.719999,-0.700000,-0.333333,5.24658728,4.92861223
486,9.740000,-0.700000,-0.333333,4.92861223,5.08759928
487,9.760000,-0.700000,-0.333333,5.08759928,5.08759928
488,9.780000,-0.700000,-0.333333,5.08759928,5.08759928
489,9.800000,-0.700000,-0.333333,5.08759928,5.08759928
490,9.820000,-0.700000,-0.333333,5.08759928,5.08759928
491,9.840000,-0.700000,-0.333333,5.08759928,5.08759928
492,9.860000,-0.700000,-0.333333,5.08759928,5.08759928
493,9.880000,-0.700000,-0.333333,5.08759928,5.08759928
494,9.900000,-0.700000,-0.333333,5.08759928,5.08759928
495,9.920000,-0.700000,-0.333333,5.08759928,5.08759928
496,9.940000,-0.700000,-0.333333,5.08759928,5.08759928
497,9.960000,-0.700000,-0.333333,5.08759928,5.08759928
498,9.980000,-0.700000,-0.333333,5.08759928,5.08759928
499,10.000000,-0.700000,-0.333333,5.08759928,5.08759928
500,10.020000,-0.700000,-0.333333,5.08759928,5.08759928
501,10.040000,-0.700000,-0.333333,5.08759928,5.08759928
502,10.059999,-0.700000,-0.333333,5.08759928,5.08759928
503,10.080000,-0.700000,-0.333333,5.08759928,4.92861223
504,10.099999,-0.700000,-0.333333,4.92861223,5.08759928
505,10.120000,-0.700000,-0.333333,5.08759928,5.24658728
506,10.139999,-0.700000,-0.333333,5.24658728,5.08759928
507,10.160000,-0.700000,-0.333333,5.08759928,4.92861223
508,10.179999,-0.700000,-0.333333,4.92861223,5.08759928
509,10.200000,-0.700000,-0.333333,5.08759928,5.08759928
510,10.219999,-0.700000,-0.333333,5.08759928,5.08759928
511,10.240000,-0.700000,-0.333333,5.08759928,5.08759928
512,10.260000,-0.700000,-0.333333,5.08759928,5.08759928
513,10.280000,-0.700000,-0.333333,5.08759928,5.08759928
514,10.300000,-0.700000,-0.333333,5.08759928,5.08759928
515,10.320000,-0.700000,-0.333333,5.08759928,5.08759928
516,10.340000,-0.700000,-0.333333,5.08759928,5.08759928
517,10.360000,-0.700000,-0.333333,5.08759928,5.08759928
518,10.380000,-0.700000,-0.333333,5.08759928,5.08759928
519,10.400000,-0.700000,-0.333333,5.08759928,5.08759928
520,10.420000,-0.700000,-0.333333,5.08759928,5.08759928
521,10.440000,-0.700000,-0.333333,5.08759928,5.08759928
522,10.460000,-0.700000,-0.333333,5.08759928,5.08759928
523,10.480000,-0.700000,-0.333333,5.08759928,5.08759928
524,10.500000,-0.700000,-0.333333,5.08759928,5.08759928
525,10.520000,-0.700000,-0.333333,5.08759928,5.08759928
526,10.540000,-0.700000,-0.333333,5.08759928,5.08759928
527,10.559999,-0.700000,-0.333333,5.08759928,5.24658728
528,10.580000,-0.700000,-0.333333,5.24658728,5.08759928
529,10.599999,-0.700000,-0.333333,5.08759928,4.92861223
530,10.620000,-0.700000,-0.333333,4.92861223,5.24658728
531,10.639999,-0.700000,-0.333333,5.24658728,5.08759928
532,10.660000,-0.700000,-0.333333,5.08759928,5.08759928
533,10.679999,-0.700000,-0.333333,5.08759928,5.08759928
534,10.700000,-0.700000,-0.333333,5.08759928,5.08759928
535,10.719999,-0.700000,-0.333333,5.08759928,5.08759928
536,10.740000,-0.700000,-0.333333,5.08759928,5.08759928
537,10.760000,-0.700000,-0.333333,5.08759928,5.08759928
538,10.780000,-0.700000,-0.333333,5.08759928,5.08759928
539,10.800000,-0.700000,-0.333333,5.08759928,5.08759928
540,10.820000,-0.700000,-0.333333,5.08759928,5.08759928
541,10.840000,-0.700000,-0.333333,5.08759928,5.08759928
542,10.860000,-0.700000,-0.333333,5.08759928,5.08759928
543,10.880000,-0.700000,-0.333333,5.08759928,5.08759928
544,10.900000,-0.700000,-0.333333,5.08759928,5.08759928
545,10.920000,-0.700000,-0.333333,5.08759928,5.08759928
546,10.940000,-0.700000,-0.333333,5.08759928,5.08759928
547,10.960000,-0.700000,-0.333333,5.08759928,5.08759928
548,10.980000,-0.700000,-0.333333,5.08759928,5.08759928
549,11.000000,-0.700000,-0.333333,5.08759928,5.08759928
550,11.020000,-0.700000,-0.333333,5.08759928,5.08759928
551,11.040000,-0.700000,-0.333333,5.08759928,5.08759928
552,11.059999,-0.700000,-0.333333,5.08759928,5.08759928
553,11.080000,-0.700000,-0.333333,5.08759928,5.08759928
554,11.099999,-0.700000,-0.333333,5.08759928,5.08759928
555,11.120000,-0.700000,-0.333333,5.08759928,5.08759928
556,11.139999,-0.700000,-0.333333,5.08759928,5.08759928
557,11.160000,-0.700000,-0.333333,5.08759928,5.24658728
558,11.179999,-0.700000,-0.333333,5.24658728,5.08759928
559,11.200000,-0.700000,-0.333333,5.08759928,5.08759928
560,11.219999,-0.700000,-0.333333,5.08759928,5.08759928
561,11.240000,-0.700000,-0.333333,5.08759928,5.08759928
562,11.259999,-0.700000,-0.333333,5.08759928,5.08759928
563,11.280000,-0.700000,-0.333333,5.08759928,5.08759928
564,11.300000,-0.700000,-0.333333,5.08759928,5.08759928
565,11.320000,-0.700000,-0.333333,5.08759928,5.08759928
566,11.340000,-0.700000,-0.333333,5.08759928,5.08759928
567,11.360000,-0.700000,-0.333333,5.08759928,5.08759928
568,11.380000,-0.700000,-0.333333,5.08759928,5.08759928
569,11.400000,-0.700000,-0.333333,5.08759928,5.08759928
570,11.420000,-0.700000,-0.333333,5.08759928,5.08759928
571,11.440000,-0.700000,-0.333333,5.08759928,5.08759928
572,11.460000,-0.700000,-0.333333,5.08759928,5.08759928
573,11.480000,-0.700000,-0.333333,5.08759928,5.08759928
574,11.500000,-0.700000,-0.333333,5.08759928,5.08759928
575,11.520000,-0.700000,-0.333333,5.08759928,5.24658728
576,11.540000,-0.700000,-0.333333,5.24658728,5.08759928
577,11.559999,-0.700000,-0.333333,5.08759928,5.08759928
578,11.580000,-0.700000,-0.333333,5.08759928,5.08759928
579,11.599999,-0.700000,-0.333333,5.08759928,5.08759928
580,11.620000,-0.700000,-0.333333,5.08759928,5.08759928
581,11.639999,-0.700000,-0.333333,5.08759928,5.08759928
582,11.660000,-0.700000,-0.333333,5.08759928,5.08759928
583,11.679999,-0.700000,-0.333333,5.08759928,5.08759928
584,11.700000,-0.700000,-0.333333,5.08759928,5.08759928
585,11.719999,-0.700000,-0.333333,5.08759928,5.08759928
586,11.740000,-0.700000,-0.333333,5.08759928,5.08759928
587,11.759999,-0.700000,-0.333333,5.08759928,5.24658728
588,11.780000,-0.700000,-0.333333,5.24658728,5.08759928
589,11.800000,-0.700000,-0.333333,5.08759928,5.08759928
590,11.820000,-0.700000,-0.333333,5.08759928,5.08759928
591,11.840000,-0.700000,-0.333333,5.08759928,5.08759928
592,11.860000,-0.700000,-0.333333,5.08759928,5.08759928
593,11.880000,-0.700000,-0.333333,5.08759928,5.08759928
594,11.900000,-0.700000,-0.333333,5.08759928,5.08759928
595,11.920000,-0.700000,-0.333333,5.08759928,5.08759928
596,11.940000,-0.700000,-0.333333,5.08759928,5.08759928
597,11.960000,-0.700000,-0.333333,5.08759928,5.24658728
598,11.980000,-0.700000,-0.333333,5.24658728,5.08759928
599,12.000000,-0.700000,-0.333333,5.08759928,5.08759928
600,12.020000,-0.700000,-0.333333,5.08759928,5.08759928
601,12.040000,-0.700000,-0.333333,5.08759928,5.08759928
602,12.059999,-0.700000,-0.333333,5.08759928,5.08759928
603,12.080000,-0.700000,-0.333333,5.08759928,5.08759928
604,12.099999,-0.700000,-0.333333,5.08759928,5.08759928
605,12.120000,-0.700000,-0.333333,5.08759928,5.08759928
606,12.139999,-0.700000,-0.333333,5.08759928,5.08759928
607,12.160000,-0.700000,-0.333333,5.08759928,5.08759928
608,12.179999,-0.700000,-0.333333,5.08759928,5.24658728
609,12.200000,-0.700000,-0.333333,5.24658728,5.08759928
610,12.219999,-0.700000,-0.333333,5.08759928,5.08759928
611,12.240000,-0.700000,-0.333333,5.08759928,5.08759928
612,12.259999,-0.700000,-0.333333,5.08759928,5.08759928
613,12.280000,-0.700000,-0.333333,5.08759928,5.08759928
614,12.300000,-0.700000,-0.333333,5.08759928,5.08759928
615,12.320000,-0.700000,-0.333333,5.08759928,5.08759928
616,12.340000,-0.700000,-0.333333,5.08759928,5.24658728
617,12.360000,-0.700000,-0.333333,5.24658728,5.08759928
618,12.380000,-0.700000,-0.333333,5.08759928,5.08759928
619,12.400000,-0.700000,-0.333333,5.08759928,5.08759928
620,12.420000,-0.700000,-0.333333,5.08759928,5.08759928
621,12.440000,-0.700000,-0.333333,5.08759928,5.08759928
622,12.460000,-0.700000,-0.333333,5.08759928,5.08759928
623,12.480000,-0.700000,-0.333333,5.08759928,5.08759928
624,12.500000,-0.700000,-0.333333,5.08759928,5.24658728
625,12.520000,-0.700000,-0.333333,5.24658728,5.08759928
626,12.540000,-0.700000,-0.333333,5.08759928,5.08759928
627,12.559999,-0.700000,-0.333333,5.08759928,5.08759928
628,12.580000,-0.700000,-0.333333,5.08759928,5.08759928
629,12.599999,-0.700000,-0.333333,5.08759928,5.08759928
630,12.620000,-0.700000,-0.333333,5.08759928,5.08759928
631,12.639999,-0.700000,-0.333333,5.08759928,5.24658728
632,12.660000,-0.700000,-0.333333,5.24658728,5.08759928
633,12.679999,-0.700000,-0.333333,5.08759928,5.08759928
634,12.700000,-0.700000,-0.333333,5.08759928,5.08759928
635,12.719999,-0.700000,-0.333333,5.08759928,5.08759928
636,12.740000,-0.700000,-0.333333,5.08759928,5.08759928
637,12.759999,-0.700000,-0.333333,5.08759928,5.08759928
638,12.780000,-0.700000,-0.333333,5.08759928,5.24658728
639,12.799999,-0.700000,-0.333333,5.24658728,5.08759928
640,12.820000,-0.700000,-0.333333,5.08759928,5.08759928
641,12.840000,-0.700000,-0.333333,5.08759928,5.08759928
642,12.860000,-0.700000,-0.333333,5.08759928,5.08759928
643,12.880000,-0.700000,-0.333333,5.08759928,5.08759928
644,12.900000,-0.700000,-0.333333,5.08759928,5.08759928
645,12.920000,-0.700000,-0.333333,5.08759928,5.24658728
646,12.940000,-0.700000,-0.333333,5.24658728,5.08759928
647,12.960000,-0.700000,-0.333333,5.08759928,5.08759928
648,12.980000,-0.700000,-0.333333,5.08759928,5.08759928
649,13.000000,-0.700000,-0.333333,5.08759928,5.08759928
650,13.020000,0.000000,0.000000,5.08759928,5.08759928
651,13.040000,0.000000,0.000000,5.08759928,4.76962471
652,13.059999,0.000000,0.000000,4.76962471,4.29266214
653,13.080000,0.000000,0.000000,4.29266214,3.97468710
654,13.099999,0.000000,0.000000,3.97468710,3.49772453
655,13.120000,0.000000,0.000000,3.49772453,3.17974973
656,13.139999,0.000000,0.000000,3.17974973,2.86177468
657,13.160000,0.000000,0.000000,2.86177468,2.54379964
658,13.179999,0.000000,0.000000,2.54379964,2.06683731
659,13.200000,0.000000,0.000000,2.06683731,1.74886227
660,13.219999,0.000000,0.000000,1.74886227,1.43088734
661,13.240000,0.000000,0.000000,1.43088734,1.11291242
662,13.259999,0.000000,0.000000,1.11291242,0.79493743
663,13.280000,0.000000,0.000000,0.79493743,0.63594991
664,13.299999,0.000000,0.000000,0.63594991,0.15898748
665,13.320000,0.000000,0.000000,0.15898748,0.00000000
666,13.340000,0.000000,0.000000,0.00000000,0.00000000
667,13.360000,0.000000,0.000000,0.00000000,0.00000000
668,13.380000,0.000000,0.000000,0.00000000,0.00000000
669,13.400000,0.000000,0.000000,0.00000000,0.00000000
670,13.420000,0.000000,0.000000,0.00000000,0.00000000
671,13.440000,0.000000,0.000000,0.00000000,0.00000000
672,13.460000,0.000000,0.000000,0.00000000,0.00000000
673,13.480000,0.000000,0.000000,0.00000000,0.00000000
674,13.500000,0.000000,0.000000,0.00000000,0.00000000
675,13.520000,0.000000,0.000000,0.00000000,0.00000000
676,13.540000,0.000000,0.000000,0.00000000,0.00000000
677,13.559999,0.000000,0.000000,0.00000000,0.00000000
678,13.580000,0.000000,0.000000,0.00000000,0.00000000
679,13.599999,0.000000,0.000000,0.00000000,0.00000000
680,13.620000,0.000000,0.000000,0.00000000,0.00000000
681,13.639999,0.000000,0.000000,0.00000000,0.00000000
682,13.660000,0.000000,0.000000,0.00000000,0.00000000
683,13.679999,0.000000,0.000000,0.00000000,0.00000000
684,13.700000,0.000000,0.000000,0.00000000,0.00000000
685,13.719999,0.000000,0.000000,0.00000000,0.00000000
686,13.740000,0.000000,0.000000,0.00000000,0.00000000
687,13.759999,0.000000,0.000000,0.00000000,0.00000000
688,13.780000,0.000000,0.000000,0.00000000,0.00000000
689,13.799999,0.000000,0.000000,0.00000000,0.00000000
690,13.820000,0.000000,0.000000,0.00000000,0.00000000
691,13.840000,0.000000,0.000000,0.00000000,0.00000000
692,13.860000,0.000000,0.000000,0.00000000,0.00000000
693,13.880000,0.000000,0.000000,0.00000000,0.00000000
694,13.900000,0.000000,0.000000,0.00000000,0.00000000
695,13.920000,0.000000,0.000000,0.00000000,0.00000000
696,13.940000,0.000000,0.000000,0.00000000,0.00000000
697,13.960000,0.000000,0.000000,0.00000000,0.00000000
698,13.980000,0.000000,0.000000,0.00000000,0.00000000
699,14.000000,0.000000,0.000000,0.00000000,0.00000000
700,14.020000,0.000000,0.000000,0.00000000,0.00000000
701,14.040000,0.000000,0.000000,0.00000000,0.00000000
702,14.059999,0.000000,0.000000,0.00000000,0.00000000
703,14.080000,0.000000,0.000000,0.00000000,0.00000000
704,14.099999,0.000000,0.000000,0.00000000,0.00000000
705,14.120000,0.000000,0.000000,0.00000000,0.00000000
706,14.139999,0.000000,0.000000,0.00000000,0.00000000
707,14.160000,0.000000,0.000000,0.00000000,0.00000000
708,14.179999,0.000000,0.000000,0.00000000,0.00000000
709,14.200000,0.000000,0.000000,0.00000000,0.00000000
710,14.219999,0.000000,0.000000,0.00000000,0.00000000
711,14.240000,0.000000,0.000000,0.00000000,0.00000000
712,14.259999,0.000000,0.000000,0.00000000,0.00000000
713,14.280000,0.000000,0.000000,0.00000000,0.00000000
714,14.299999,0.000000,0.000000,0.00000000,0.00000000
715,14.320000,0.000000,0.000000,0.00000000,0.00000000
716,14.340000,0.000000,0.000000,0.00000000,0.00000000
717,14.360000,0.000000,0.000000,0.00000000,0.00000000
718,14.380000,0.000000,0.000000,0.00000000,0.00000000
719,14.400000,0.000000,0.000000,0.00000000,0.00000000
720,14.420000,0.000000,0.000000,0.00000000,0.00000000
721,14.440000,0.000000,0.000000,0.00000000,0.00000000
722,14.460000,0.000000,0.000000,0.00000000,0.00000000
723,14.480000,0.000000,0.000000,0.00000000,0.00000000
724,14.500000,0.000000,0.000000,0.00000000,0.00000000
725,14.520000,0.000000,0.000000,0.00000000,0.00000000
726,14.540000,0.000000,0.000000,0.00000000,0.00000000
727,14.559999,0.000000,0.000000,0.00000000,0.00000000
728,14.580000,0.000000,0.000000,0.00000000,0.00000000
729,14.599999,0.000000,0.000000,0.00000000,0.00000000
730,14.620000,0.000000,0.000000,0.00000000,0.00000000
731,14.639999,0.000000,0.000000,0.00000000,0.00000000
732,14.660000,0.000000,0.000000,0.00000000,0.00000000
733,14.679999,0.000000,0.000000,0.00000000,0.00000000
734,14.700000,0.000000,0.000000,0.00000000,0.00000000
735,14.719999,0.000000,0.000000,0.00000000,0.00000000
736,14.740000,0.000000,0.000000,0.00000000,0.00000000
737,14.759999,0.000000,0.000000,0.00000000,0.00000000
738,14.780000,0.000000,0.000000,0.00000000,0.00000000
739,14.799999,0.000000,0.000000,0.00000000,0.00000000
740,14.820000,0.000000,0.000000,0.00000000,0.00000000
741,14.839999,0.000000,0.000000,0.00000000,0.00000000
742,14.860000,0.000000,0.000000,0.00000000,0.00000000
743,14.880000,0.000000,0.000000,0.00000000,0.00000000
744,14.900000,0.000000,0.000000,0.00000000,0.00000000
745,14.920000,0.000000,0.000000,0.00000000,0.00000000
746,14.940000,0.000000,0.000000,0.00000000,0.00000000
747,14.960000,0.000000,0.000000,0.00000000,0.00000000
748,14.980000,0.000000,0.000000,0.00000000,0.00000000
749,15.000000,0.000000,0.000000,0.00000000,0.00000000